0 DELTA 1 R/B
1 00229U 62002D   02221.97718360  .26773775  11905-4  16052-2 0  6516
2 00229 048.2179 193.9883 0002708 246.8986 113.3149 16.41449899157074
0 THOR AGENA B R/B
1 00878U 64052  B 74224.93150329  .42205302 +53665-0 +94187-3 0 00380
2 00878 098.6825 263.7464 0010074 212.1405 147.9221 16.35742200545103
0 THOR AGENA D R/B
1 01625U 65081  B 87331.45294117  .55415601 +66343-5 +40151-3 0 04082
2 01625 087.2404 234.5397 0010258 246.1345 113.9163 16.53016270166766
0 SL-8 R/B
1 07338U 74044B   12174.92626895 +.36665618 -13688-5 +19127-3 0 00258
2 07338 082.8338 084.1600 0005324 269.8970 090.8621 16.55717465969343
0 OSCAR 7
1 07530U 74089B   14043.88098079 -.00000051  00000-0 -48895-4 0  8933
2 07530 101.4599 029.8689 0011970 176.1163 250.5761 12.53602189795948
0 DELTA 1 R/B(1)
1 08133U 75077B   13194.67007704  .04828072 -12599-4  61482-3 0  1606
2 08133 025.2844 194.0832 0008516 250.4042 109.6541 16.34558485958441
0 SL-3 R/B
1 10861U 78045B   13319.63457375  .11496778 -92355-6  23341-3 0  5252
2 10861 081.1669 269.3699 0003216 253.0327 107.0561 16.47147531955207
0 COSMOS 1174
1 11765U 80030A   14044.20656225  .00007009  00000-0  35613-3 0  5085
2 11765 066.0912 014.5055 0583080 328.6517 028.0994 14.32203730731651
0 COSMOS 1400
1 13402U 82079A   14043.65060998  .00055146  00000-0  66473-3 0  1825
2 13402 081.1164 233.2763 0005431 007.5658 035.4067 15.60544431730595
0 OSCAR 10
1 14129U 83058B   14038.79471433  .00000193  00000-0  00000+0 0  1528
2 14129 026.4805 235.5427 5983633 330.6854 329.8794 02.05868231202582
0 OSCAR 11 (UoSAT 2)
1 14781U 84021B   14043.75572161  .00001311  00000-0  17459-3 0  4149
2 14781 097.8686 106.2251 0008213 217.8184 142.2453 14.81298108609546
0 COSMOS 1606
1 15369U 84111A   14043.09077944  .00005624  00000-0  35305-3 0  4554
2 15369 082.5134 239.4145 0020683 155.7293 204.4915 15.08921398595783
0 GEOSAT
1 15595U 85021A   14044.20339939  .00000114  00000-0  83019-4 0  5405
2 15595 108.0589 084.3457 0002226 290.0274 114.5068 14.37491160515029
0 COSMOS 1782
1 16986U 86074A   14043.88996637  .00005994  00000-0  45567-3 0  6829
2 16986 082.5049 225.4124 0012244 177.4039 182.7252 15.01932028487315
0 COSMOS 1825
1 17566U 87024A   14043.99712738  .00007688  00000-0  45931-3 0  9280
2 17566 082.5024 054.6742 0007566 113.6841 305.4613 15.10933493468990
0 COSMOS 1833
1 17589U 87027A   14043.56125127  .00000304  00000-0  18954-3 0  6461
2 17589 070.9142 229.7839 0007181 307.9499 106.9684 14.12812140387908
0 COSMOS 1862
1 18152U 87055A   14043.19826122  .00005053  00000-0  38939-3 0  5483
2 18152 082.4953 039.8952 0016668 054.3505 305.9269 15.01330999446126
0 OSCAR 16 (PACSAT)
1 20439U 90005D   14043.68826728  .00000274  00000-0  11757-3 0  9549
2 20439 098.4978 343.4407 0011442 162.1865 266.8429 14.32281212256669
0 OSCAR 19 (LUSAT)
1 20442U 90005G   14043.88800684  .00000264  00000-0  11328-3 0  8922
2 20442 098.4682 344.6693 0012600 152.1541 208.0320 14.32486886256888
0 JAS 1B (FUJI 2)
1 20480U 90013C   14043.23736788 -.00000040  00000-0 -96534-5 0  6516
2 20480 099.0286 029.9452 0539432 276.9414 146.0943 12.83390619125108
0 NOAA 12
1 21263U 91032A   14044.48873738  .00000080  00000-0  52130-4 0  1658
2 21263 098.6761 072.6897 0013124 234.4734 226.9558 14.25625859182937
0 OSCAR 22 (UoSAT 5)
1 21575U 91050B   14043.51520424  .00000419  00000-0  14674-3 0  9382
2 21575 098.6846 017.8013 0006687 342.5730 126.6880 14.40277421185539
0 DELTA 2 R/B(1)
1 21931U 92019B   13348.98312456  .08623120 -19293-4  41485-3 0  4142
2 21931 021.1494 250.4291 0000010 267.0474 093.1435 16.42884179197522
0 OSCAR 23 (KITSAT 1)
1 22077U 92052B   14042.49445845 -.00000070  00000-0 -33941-4 0  6181
2 22077 066.0881 005.5212 0014278 248.4974 201.6026 12.86487725 10237
0 KITSAT B
1 22825U 93061C   14043.48878964  .00000241  00000-0  11136-3 0  5958
2 22825 098.6495 350.3303 0007366 307.3707 168.3661 14.29655090 62963
0 POSAT 1
1 22826U 93061D   14043.83741398  .00000270  00000-0  12199-3 0  3521
2 22826 098.6436 350.9168 0007850 297.6013 062.4371 14.29949007 63140
0 ITAMSAT
1 22828U 93061F   14044.09458971  .00000217  00000-0  10087-3 0  5396
2 22828 098.6359 350.5418 0008784 263.9126 096.1056 14.30232638 31504
0 COSMOS 2278
1 23087U 94023A   14044.48881266 -.00000097  00000-0 -26483-4 0  2442
2 23087 071.0566 027.8594 0011898 277.9059 215.5578 14.13559777 22127
0 RADIO ROSTO
1 23439U 94085A   14043.16842881 -.00000039  00000-0  10000-3 0  6485
2 23439 064.8160 033.8984 0145758 106.9822 254.7134 11.27559669787909
0 JAS 2
1 24278U 96046B   14044.13168288 -.00000009  00000-0  29383-4 0  3070
2 24278 098.5224 075.0661 0349591 259.4309 132.6108 13.53015328863899
0 TRMM
1 25063U 97074A   14043.01718956  .00030506  00000-0  42180-3 0  5619
2 25063 034.9550 248.2852 0001369 257.3063 231.3544 15.56106393925186
0 ATLAS 2AS CENTAUR R/B
1 25372U 98037B   09301.62763379  .11106770 -16727-4  83263-3 0  1204
2 25372 022.6644 020.9103 0070018 124.8800 236.5839 16.29899485321888
0 TMSAT
1 25396U 98043C   14043.87812655  .00000225  00000-0  11595-3 0  7826
2 25396 098.4224 010.7232 0001413 293.6876 119.1531 14.24108580810464
0 TECHSAT 1B
1 25397U 98043D   14044.52625654  .00000124  00000-0  73270-4 0  2766
2 25397 098.4530 007.2368 0000664 024.8168 089.2305 14.23402750810271
0 PAN SAT
1 25520U 98064B   14044.20356828  .00004241  00000-0  16915-3 0  4281
2 25520 028.4596 347.1221 0004436 186.6123 310.0096 15.22511025847714
0 OSCAR 36 (UOSAT 12)
1 25693U 99021A   14043.28206479  .00000577  00000-0  94680-4 0  3844
2 25693 064.5564 286.6997 0040539 304.6660 168.4449 14.79772443799436
0 ARIANE 40 R/B
1 25979U 99064C   14043.84921217  .00006779  00000-0  72340-3 0  7644
2 25979 098.1953 182.8303 0007219 003.5862 356.5405 14.89157808768085
0 OPAL
1 26063U 00004C   14043.81695727  .00000304  00000-0  12308-3 0  8979
2 26063 100.1919 167.2012 0037194 148.0941 212.2503 14.36288812736172
0 COSMOS 2369
1 26069U 00006A   14044.17463064  .00000273  00000-0  17110-3 0  1787
2 26069 070.9949 034.5842 0012923 275.7999 157.5653 14.13194639723751
0 CZ-4 DEB
1 26156U 99057AS  14011.54890859  .44688817  33257-5  36792-2 0  6363
2 26156 098.6558 111.1098 0010894 275.4244 212.9934 16.39659734759918
0 ATLAS 2A CENTAUR R/B
1 26353U 00022B   13311.67856049  .24009809 -19891-4  89665-3 0  4499
2 26353 020.3347 051.1116 0118245 104.5278 256.8334 16.22897951271857
0 ATLAS CENTAUR R/B
1 26370U 00028B   13300.01700619  .27404253 -18611-4  73635-3 0  9591
2 26370 019.4630 005.3065 0233960 342.5418 224.1893 15.98654926170284
0 MEGSAT 1
1 26546U 00057B   14044.14673719  .00002915  00000-0  33659-3 0  1534
2 26546 064.5575 187.6449 0024316 220.1873 192.1268 14.87352339724956
0 AMSAT OSCAR 40
1 26609U 00072B   14041.59726331 -.00000496  00000-0  00000+0 0  9201
2 26609 008.0303 070.2286 7935789 077.8233 352.5526 01.25585107 60987
0 PCSAT
1 26931U 01043C   14043.83745836  .00000279  00000-0  13989-3 0  5341
2 26931 067.0541 359.0959 0005595 270.2766 089.7694 14.30039752645822
0 SL-12 R/B(2)
1 27542U 02048C   10303.70833333 -.00001694 +00000-0 +00000-0 0 00937
2 27542 085.1719 339.0029 9188759 243.3319 000.3410 00.36921114005652
0 SAUDISAT 1C
1 27607U 02058C   14043.84495794  .00001308  00000-0  22011-3 0  3028
2 27607 064.5554 251.2880 0034657 057.3016 039.6158 14.73406476599160
0 ATLAS 3B CENTAUR R/B
1 27719U 03014B   04043.18508067 +.99999999 -12067-4 +25200-2 0 0412
2 27719 027.0983 198.9014 0756520 140.3617 226.5660 14.7716893200965
0 AMSAT ECHO
1 28375U 04025K   14043.48051067  .00000596  00000-0  18994-3 0  7700
2 28375 098.2370 354.7405 0083232 010.2973 104.9063 14.41273656505949
0 SL-14 R/B
1 28506U 04052B   09195.33735670  .45892157 -13153-5  11719-3 0  5606
2 28506 082.5036 329.8405 0014335 266.4407 093.7070 16.61435339260143
0 HAMSAT
1 28650U 05017B   14044.18746628  .00002244  00000-0  26923-3 0  6588
2 28650 097.5612 055.4050 0025060 203.3211 156.6870 14.84763218474829
0 ASTRO E2
1 28773U 05025A   14043.81691984  .00007120  00000-0  45445-3 0  2085
2 28773 031.3820 253.7099 0005993 031.4184 035.4772 15.07364126472408
0 MONITOR-E 1
1 28822U 05032A   14044.45094288  .00011542  00000-0  46763-3 0  3249
2 28822 097.1913 068.5747 0005952 041.7669 318.4032 15.24793486468092
0 FREGAT/IRIS
1 35867U 09049C   14044.55281529  .00011243  00000-0  34121-3 0  2247
2 35867 097.1599 076.0982 0007123 358.6979 122.4861 15.34231207245589
0 SUMBANDILA
1 35870U 09049F   14044.55405095  .00010611  00000-0  36386-3 0  8886
2 35870 097.1718 069.8133 0002689 137.5493 021.2682 15.30343041245124
0 XIWANG-1 (HOPE-1)
1 36122U 09072B   14044.14350326 -.00000043  00000-0  00000+0 0  3204
2 36122 100.2694 099.7151 0007671 161.1005 199.0391 13.16311662200111
0 SJ-12
1 36596U 10027A   14044.50302760  .00002974  00000-0  29057-3 0   275
2 36596 097.6278 069.0396 0013206 149.5708 210.6270 14.93059330199665
0 BREEZE-M DEB (TANK)
1 37800U 11045C   12255.88487016  .38726754  13565-4  55857-3 0   862
2 37800 049.2085 144.3765 0164944 040.4429 321.3161 16.18713956 38059
0 TIANGONG 1
1 37820U 11053A   14044.27713090  .00078673  00000-0  47982-3 0  7589
2 37820 042.7759 339.3357 0010290 196.4655 285.0735 15.76374423136582
0 DELTA 2 R/B
1 37856U 11061G   11333.54307878  .22996609  95633-5  17707-3 0  1082
2 37856 107.2925 311.7424 0054766 259.7018 224.1726 16.46595903  5039
0 SL-16 R/B
1 37873U 11065B   11326.62730923  .12246307  12699-4  13812-3 0   553
2 37873 051.4209 285.7430 0016524 077.3660 283.3856 16.48859511  2204
0 CZ-3A R/B
1 37949U 11073B   12189.67722389  .99999999  50649-5  61503-3 0  2610
2 37949 054.5212 242.6727 0479023 230.9814 255.6435 15.56242723  6895
0 MASAT-1
1 38081U 12006E   14044.47062176  .00092002  46088-5  14293-2 0  7606
2 38081 069.4649 310.5370 0484628 172.0007 248.3405 14.79148493104986
0 ATLAS 5 CENTAUR R/B
1 38754U 12046C   12243.38796512 -.00000922  73857-5  00000+0 0    26
2 38754 010.2038 279.5322 7471365 357.0599 000.4537 02.29258010    02
0 CZ-2C R/B
1 38862U 12056C   13155.87661994  .15434589  27923-5  18975-3 0  3529
2 38862 097.9118 262.8053 0009667 346.4753 014.6034 16.49441553 36414
0 BREEZE-M DEB
1 38970U 12044DD  14020.53444847  .11362966  10744-4  32167-2 0  7133
2 38970 050.3030 128.1277 0084306 191.6393 175.0203 16.17731233 54934
0 SAPPHIRE
1 39088U 13009C   14043.56502718  .00000515  00000-0  20080-3 0  3535
2 39088 098.6245 237.9571 0010681 310.5749 049.4516 14.33834933 50435
0 STRAND 1
1 39090U 13009E   14044.11892701  .00000422  00000-0  16545-3 0  2867
2 39090 098.6287 239.0798 0008993 316.4664 043.5807 14.34455904 50539
0 FALCON 9 R/B
1 39116U 13010B   13069.90479075  .11586521  12551-4  33790-3 0   482
2 39116 051.6633 232.0522 0012834 079.7378 281.3278 16.44108539  1509
