0 COSMOS 44
1 00876U 64053A   14068.46524874  .00000850  00000-0  16312-3 0  8963
2 00876 065.0618 215.1686 0151261 224.1175 134.7780 14.63108248632969
0 COSMOS 405
1 05117U 71028A   14068.79420867  .00009931  00000-0  45550-3 0  3778
2 05117 081.2692 316.6702 0013363 271.9976 201.1765 15.20247777330185
0 COSMOS 482 DESCENT CRAFT
1 06073U 72023E   14069.48436131  .00041315  43228-5  24539-3 0  8072
2 06073 052.0796 130.8015 1856593 192.6498 316.8194 11.94114020213877
0 OSCAR 7
1 07530U 74089B   14068.85842801 -.00000028  00000-0  96998-4 0  9129
2 07530 101.4628 053.9967 0012290 127.9050 292.4577 12.53603117799073
0 SEASAT 1
1 10967U 78064A   14068.76257907  .00000341  00000-0  14246-3 0  2373
2 10967 107.9909 323.8174 0001843 257.3843 144.6448 14.42925648874135
0 COSMOS 1174
1 11765U 80030A   14069.13270272  .00004442  00000-0  22619-3 0  5268
2 11765 066.0909 306.9767 0583390 313.8456 041.5792 14.32547159735226
0 INTERCOSMOS 22
1 12645U 81075A   14068.33974208  .00000128  00000-0  54786-4 0  1777
2 12645 081.2206 324.8046 0064506 103.2307 036.1197 14.18132076684843
0 COSMOS 1300
1 12785U 81082A   14068.82359016  .00006789  00000-0  41381-3 0  6611
2 12785 082.5110 170.7538 0001954 082.7474 064.5849 15.10215031770924
0 COSMOS 1315
1 12903U 81103A   14069.04690699  .00024541  00000-0  54943-3 0  1155
2 12903 081.1356 270.7356 0005541 270.8095 205.3042 15.43304744774994
0 COSMOS 1400
1 13402U 82079A   14068.84655972  .00079824  00000-0  84079-3 0  2108
2 13402 081.1177 201.6992 0006438 281.3270 239.6771 15.63954226734530
0 COSMOS 1437
1 13770U 83003A   14068.78389946  .00014267  00000-0  50592-3 0  5018
2 13770 081.1683 154.0684 0012638 101.2992 042.2784 15.28892368702377
0 OSCAR 10
1 14129U 83058B   14066.54592606 -.00000290  00000-0  00000+0 0  1583
2 14129 026.4607 231.1557 5984866 338.1132 016.9049 02.05870164203158
0 COSMOS 1500
1 14372U 83099A   14069.13262924  .00006603  00000-0  40057-3 0  4848
2 14372 082.5127 079.7469 0015378 262.6775 210.4168 15.10280918656874
0 OSCAR 11 (UoSAT 2)
1 14781U 84021B   14069.15378944  .00001322  00000-0  17567-3 0  4348
2 14781 097.8642 131.1625 0009959 139.4810 220.7145 14.81377334613301
0 COSMOS 1606
1 15369U 84111A   14068.81804183  .00007888  00000-0  49090-3 0  4745
2 15369 082.5213 214.3276 0021242 075.4237 284.9346 15.09277957599664
0 COSMOS 1607
1 15378U 84112A   14068.48124367 -.00000028  00000-0  55043-4 0  8827
2 15378 064.9923 144.9017 0039568 003.6652 080.7180 13.83507522485050
0 COSMOS 1626
1 15494U 85009A   14069.51091600  .00007949  00000-0  43584-3 0  5124
2 15494 082.4856 359.0802 0000528 251.0290 161.9259 15.14046042587380
0 COSMOS 1633
1 15592U 85020A   14068.51773903  .00010533  00000-0  52618-3 0  3958
2 15592 082.5392 069.4135 0020593 062.3047 055.4527 15.17158498582161
0 GEOSAT
1 15595U 85021A   14068.28031791  .00000264  00000-0  13311-3 0  5586
2 15595 108.0543 134.2919 0002550 281.1702 119.4986 14.37512508518480
0 COSMOS 1703
1 16262U 85108A   14069.13683733  .00005385  00000-0  37789-3 0  3816
2 16262 082.4958 339.1370 0014997 083.4526 276.8407 15.04891966538749
0 COSMOS 1782
1 16986U 86074A   14068.80482718  .00005128  00000-0  38660-3 0  7015
2 16986 082.5086 201.3476 0013555 099.6227 260.6530 15.02199922491059
0 METEOR 2-15
1 17290U 87001A   14069.53376043  .00000075  00000-0  53200-4 0  2243
2 17290 082.4634 098.9917 0013621 142.1274 325.5576 13.84851640373449
0 COSMOS 1825
1 17566U 87024A   14068.51317470  .00008349  00000-0  49381-3 0  9478
2 17566 082.5099 030.6522 0006219 052.2124 089.1221 15.11313787472690
0 COSMOS 1833
1 17589U 87027A   14069.47406442  .00000258  00000-0  16473-3 0  6665
2 17589 070.9202 175.3316 0008404 281.7996 130.9407 14.12832299391565
0 COSMOS 1842
1 17911U 87038A   14069.12185211  .00005426  00000-0  37412-3 0  4235
2 17911 082.4887 280.4495 0013454 002.3176 357.8110 15.05568205461559
0 COSMOS 1844
1 17973U 87041A   14068.81415744 -.00000045  00000-0  16297-5 0  6874
2 17973 070.8995 272.6626 0028659 120.7022 321.0939 14.13913524384175
0 COSMOS 1862
1 18152U 87055A   14068.45621988  .00006887  00000-0  52799-3 0  5679
2 18152 082.4989 015.4827 0014085 330.5731 029.4699 15.01610348449911
0 COSMOS 1869
1 18214U 87062A   14068.44228103  .00005968  00000-0  44124-3 0  1349
2 18214 082.5086 176.3896 0012705 313.5738 046.4432 15.02977231448547
0 COSMOS 1892
1 18421U 87088A   14068.84849819  .00007823  00000-0  48493-3 0  9325
2 18421 082.5080 014.1144 0021246 083.4194 276.9453 15.09417917437790
0 COSMOS 1943
1 19119U 88039A   14068.65027993  .00000054  00000-0  52539-4 0   953
2 19119 071.0012 092.1134 0009384 071.5235 062.9236 14.14898869332971
0 OSCAR 16 (PACSAT)
1 20439U 90005D   14069.47539968  .00000264  00000-0  11376-3 0  9749
2 20439 098.5002 008.7105 0012076 092.5537 024.9817 14.32301993260354
0 OSCAR 19 (LUSAT)
1 20442U 90005G   14068.47464854  .00000306  00000-0  12852-3 0  9111
2 20442 098.4705 008.6875 0013024 085.5912 274.6760 14.32505994260418
0 JAS 1B (FUJI 2)
1 20480U 90013C   14068.87720683 -.00000023  00000-0  25609-4 0  6738
2 20480 099.0324 050.7322 0539996 218.7515 167.5390 12.83391256128396
0 HST
1 20580U 90037B   14069.14061502  .00004544  00000-0  30157-3 0  4556
2 20580 028.4712 328.0252 0003141 311.6590 168.9479 15.04871739109781
0 NOAA 12
1 21263U 91032A   14069.47486775  .00000094  00000-0  57966-4 0  1966
2 21263 098.6732 097.4153 0014463 161.6803 302.5353 14.25634824186491
0 OKEAN 3
1 21397U 91039A   14069.41735048  .00003010  00000-0  31066-3 0  2149
2 21397 082.5250 191.6533 0017732 265.5059 094.4134 14.89778592231681
0 OSCAR 22 (UoSAT 5)
1 21575U 91050B   14069.49718214  .00000381  00000-0  13468-3 0  9594
2 21575 098.6883 044.1609 0006284 252.5042 217.0803 14.40307759189276
0 IUS DEB
1 21642U 91054E   91258.38429312 +.00000053 +00000-0 +10000-3 0 04831
2 21642 027.0436 349.7136 7235624 026.7331 005.0371 02.32778519001026
0 OSCAR 23 (KITSAT 1)
1 22077U 92052B   14065.12184771 -.00000032  00000-0  12136-3 0  6284
2 22077 066.0865 318.1323 0013564 243.2149 231.8938 12.86488573 13141
0 COSMOS 2219
1 22219U 92076A   14068.86991956  .00000189  00000-0  12530-3 0  4540
2 22219 071.0592 174.3611 0016627 050.6157 088.6857 14.13463838 99305
0 COSMOS 2242
1 22626U 93024A   14069.15341975  .00001946  00000-0  22171-3 0   303
2 22626 082.5197 087.1340 0021691 121.6587 238.6749 14.85528157128561
0 COSMOS 2263
1 22802U 93059A   14068.29426292  .00000013  00000-0  32475-4 0  2773
2 22802 070.9318 314.1720 0025173 238.6145 264.6263 14.13022120 56195
0 KITSAT B
1 22825U 93061C   14068.81158844  .00000223  00000-0  10428-3 0  6156
2 22825 098.6524 015.4780 0007787 222.7612 189.7770 14.29673104 66582
0 POSAT 1
1 22826U 93061D   14068.46757327  .00000281  00000-0  12623-3 0  3722
2 22826 098.6466 015.3725 0008420 216.5220 143.5389 14.29968207 66661
0 ITAMSAT
1 22828U 93061F   14068.78982780  .00000263  00000-0  11845-3 0  5572
2 22828 098.6388 015.0517 0009954 186.3765 173.7292 14.30253611 35036
0 COSMOS 2278
1 23087U 94023A   14068.81667255 -.00000137  00000-0 -47593-4 0  2636
2 23087 071.0554 337.0360 0011087 245.3255 170.9307 14.13557398 25560
0 OKEAN 4
1 23317U 94066A   14066.51014572  .00002494  00000-0  28703-3 0  4732
2 23317 082.5409 163.2357 0022100 077.9595 054.7489 14.85209237 48011
0 COSMOS 2297
1 23404U 94077A   14069.07431339  .00000321  00000-0  19592-3 0  7162
2 23404 071.0115 274.5788 0015687 170.3119 337.9996 14.13356371995205
0 RADIO ROSTO
1 23439U 94085A   14068.88884888 -.00000039  00000-0  10000-3 0  6552
2 23439 064.8184 352.3078 0145682 101.9457 259.7840 11.27560157790809
0 ERS 2
1 23560U 95021A   14069.10985773  .00010391  00000-0  66187-3 0  9347
2 23560 098.5693 257.8194 0004633 021.3276 121.5673 15.08975829994316
0 JAS 2
1 24278U 96046B   14068.69950797  .00000015  00000-0  50800-4 0  3277
2 24278 098.5196 096.2646 0350560 195.6127 279.1099 13.53016938867216
0 HALCA (MUSES B)
1 24720U 97005A   14068.68397984  .00000728  00000-0  29969-2 0  7227
2 24720 031.2516 266.2032 5998918 091.1595 354.8606 03.82481714237816
0 TRMM
1 25063U 97074A   14069.45039815  .00035099  00000-0  48512-3 0  5825
2 25063 034.9568 073.4206 0001148 219.1882 267.8328 15.56096070929308
0 TMSAT
1 25396U 98043C   14068.82135234  .00000225  00000-0  11581-3 0  8027
2 25396 098.4262 034.6321 0002402 187.9625 231.2896 14.24125160814014
0 TECHSAT 1B
1 25397U 98043D   14068.83756874  .00000126  00000-0  74126-4 0  2959
2 25397 098.4567 030.5967 0000868 176.1990 244.6070 14.23414843813731
0 PAN SAT
1 25520U 98064B   14068.65018272  .00005425  00000-0  21709-3 0  4444
2 25520 028.4585 182.0766 0005095 095.2912 033.1366 15.22764438851441
0 OSCAR 36 (UOSAT 12)
1 25693U 99021A   14068.83505260  .00000726  00000-0  11383-3 0  4094
2 25693 064.5573 208.0592 0042364 301.4950 211.6177 14.79821496803214
0 ABRIXAS
1 25721U 99022A   14068.72824402  .00016975  00000-0  49898-3 0  9020
2 25721 048.4575 160.9736 0015803 221.4751 271.7797 15.34995744823917
0 OPAL
1 26063U 00004C   14067.29289558  .00000258  00000-0  10741-3 0  9167
2 26063 100.1943 194.9370 0037234 083.0084 277.5329 14.36309847739540
0 COSMOS 2369
1 26069U 00006A   14068.80425186  .00000372  00000-0  22378-3 0  1968
2 26069 070.9993 343.0012 0012537 245.6279 174.5594 14.13217690727238
0 MEGSAT 1
1 26546U 00057B   14069.51137840  .00002733  00000-0  31563-3 0  1756
2 26546 064.5564 108.6461 0021479 218.5395 288.2847 14.87523237728724
0 AMSAT OSCAR 40
1 26609U 00072B   14066.28023476 -.00000452  00000-0  00000+0 0  9240
2 26609 008.0705 066.1279 7934232 086.0080 351.3541 01.25585619 61290
0 PCSAT
1 26931U 01043C   14068.73558105  .00000225  00000-0  11920-3 0  5511
2 26931 067.0511 294.9022 0005393 274.4937 085.5548 14.30058908649380
0 SAPPHIRE
1 26932U 01043D   14069.08196157  .00000158  00000-0  93386-4 0  5631
2 26932 067.0559 294.8683 0005532 253.2361 260.5691 14.29964897649482
0 MDS 1
1 27367U 02003A   14068.20767211  .00049263  00000-0  33815-2 0  4592
2 27367 028.6064 344.2093 5783170 089.7245 017.4920 04.42096101136509
0 IDEFIX/ARIANE 42P
1 27422U 02021B   14068.75353495  .00000236  00000-0  10973-3 0  4339
2 27422 098.3127 115.9092 0013039 173.0417 324.3617 14.28968402615939
0 ADEOS 2
1 27597U 02056A   14068.64964833  .00000441  00000-0  19913-3 0  2476
2 27597 098.2769 081.9322 0000749 157.4517 310.3643 14.26728155584905
0 SAUDISAT 1C
1 27607U 02058C   14068.66777191  .00001515  00000-0  25088-3 0  3240
2 27607 064.5578 175.6629 0036526 046.3508 314.0612 14.73501852602813
0 MONITOR-E/SL-19
1 27840U 03031A   14069.15947859  .00000125  00000-0  51635-4 0  4870
2 27840 098.2467 101.6084 0099791 120.2401 289.1311 14.38676238561470
0 COSMOS 2406
1 28352U 04021A   14068.68840734 -.00000104  00000-0 -31375-4 0  2449
2 28352 070.9997 100.2382 0012857 109.0253 029.3406 14.11315072502165
0 AMSAT ECHO
1 28375U 04025K   14068.45033770  .00000508  00000-0  16436-3 0  7909
2 28375 098.2399 018.8173 0081900 294.0938 065.1700 14.41311165509536
0 HAMSAT
1 28650U 05017B   14068.78445546  .00003338  00000-0  39535-3 0  6785
2 28650 097.5621 078.7492 0026943 124.2050 236.1725 14.84940014478479
0 ASTRO E2
1 28773U 05025A   14069.17477485  .00007556  00000-0  47742-3 0  2287
2 28773 031.3837 091.3539 0005899 281.8141 137.3556 15.07754653476235
0 MONITOR-E 1
1 28822U 05032A   14068.59641326  .00013657  00000-0  54264-3 0    62
2 28822 097.1891 091.7722 0002842 316.5452 043.5574 15.25421055471773
0 MOZ.5/SAFIR/RUBIN 5/SL-8
1 28898U 05043G   14069.50166052  .00000602  00000-0  13606-3 0  7605
2 28898 097.8390 264.5360 0019501 349.8215 061.7429 14.59352773445533
0 RESURS DK-1
1 29228U 06021A   14069.47165008  .00001533  00000-0  12919-3 0  6470
2 29228 069.9354 254.6939 0003625 337.8921 109.7471 15.00440402428764
0 GENESIS 1
1 29252U 06029A   14068.50623122  .00007014  00000-0  44072-3 0  1407
2 29252 064.5087 215.7092 0025739 328.4934 091.0655 15.09742644420786
0 SKYMED 1
1 31598U 07023A   14069.50997966 -.00001417  00000-0 -17151-3 0  4919
2 31598 097.8773 255.5031 0001849 075.8664 284.2708 14.82158755365481
0 SKYMED 2
1 32376U 07059A   14069.54372884  .00000043  00000-0  11988-4 0  8901
2 32376 097.8766 255.5358 0001758 084.5477 275.5875 14.82164042338235
0 FREGAT/IRIS
1 35867U 09049C   14069.18711522  .00013283  00000-0  39459-3 0  2980
2 35867 097.1572 100.0025 0005729 247.6291 152.6665 15.34877431249362
0 SUMBANDILA
1 35870U 09049F   14069.65004347  .00013339  00000-0  44750-3 0  9570
2 35870 097.1692 094.0634 0003996 093.6125 022.4727 15.30995489248964
0 XIWANG-1 (HOPE-1)
1 36122U 09072B   14069.52971614 -.00000043  00000-0  00000+0 0  3965
2 36122 100.2636 124.3648 0007745 104.2603 255.9374 13.16312741203459
0 CRYOSAT 2
1 36508U 10013A   14068.48154533  .00000363  00000-0  88812-4 0  1826
2 36508 092.0245 272.9924 0011274 093.2398 267.0100 14.52172635207630
0 SJ-12
1 36596U 10027A   14069.56687695  .00003506  00000-0  34026-3 0  1041
2 36596 097.6256 093.3456 0014445 074.9140 285.3670 14.93198121203408
0 TIANGONG 1
1 37820U 11053A   14069.45187238  .00049059  00000-0  50085-3 0  8322
2 37820 042.7727 188.0479 0008282 037.7412 006.7319 15.64236613140538
0 MASAT-1
1 38081U 12006E   14069.50948573  .00153659  71596-5  23094-2 0  8362
2 38081 069.4557 247.1425 0458188 137.1492 257.3265 14.85243591108690
0 STRAND 1
1 39090U 13009E   14068.53220854  .00000674  00000-0  25483-3 0  3055
2 39090 098.6295 263.4634 0008424 237.8661 122.1705 14.34481723 54038
